<?xml version="1.0"?>
<opencv_storage>
<f>2.8781313476562500e+03</f>
<fi>1.7874455451965332e-01</fi>
<theta>2.6604402065277100e-01</theta>
<h>1.0119082031250000e+04</h>
<vanishPoints>
  1.4473699999999999e+02 3.4779400000000003e+01 12183.582175112755
  615.451021479187</vanishPoints>
</opencv_storage>
